Column names: GSEA_gene_set	miR_experiment_gene_set	num_genes_GSEA	num_genes_miR	num_genes_universe	num_genes_intersection	p-value	bh-p-value

------Intersections with the gens down regulated after miR transfection------

>NUYTTEN_EZH2_TARGETS_DN	GSM1357611_EBC-1_miR-1	920	1407	17024	259	4.649129999999999e-76	3.1386276629999997e-72	
>NUYTTEN_EZH2_TARGETS_DN	GSM500947_HSC3_miR-133a	920	848	17024	189	8.426429999999999e-68	1.8962276309999996e-64	
>NUYTTEN_EZH2_TARGETS_DN	GSM2279809_PC3_miR-99a-3p	920	334	17024	117	3.825649999999999e-64	6.456740787499998e-61	
>NUYTTEN_EZH2_TARGETS_DN	GSM2859382_T24_miR-223-5p	920	505	17024	132	3.1135100000000003e-55	4.203861202e-52	
>NUYTTEN_EZH2_TARGETS_DN	GSM1623422_C4-2_miR-205	920	592	17024	136	1.0249299999999998e-49	1.15321707166667e-46	
>NUYTTEN_EZH2_TARGETS_DN	GSM1357612_EBC-1_miR-133a	920	1079	17024	186	1.72442e-48	1.66307991714286e-45	
>KAMMINGA_EZH2_TARGETS	GSM1357611_EBC-1_miR-1	39	1407	17024	31	6.4083e-27	4.80693703333333e-24	
>NUYTTEN_EZH2_TARGETS_UP	GSM911075_A498_miR-138	955	596	17024	95	9.63003e-21	6.5012332529999996e-18	
>NUYTTEN_EZH2_TARGETS_DN	GSM492574_T24_miR-133a	920	462	17024	78	1.24036e-19	7.612427600000001e-17	
>KAMMINGA_EZH2_TARGETS	GSM500947_HSC3_miR-133a	39	848	17024	22	3.84126e-19	2.161028855e-16	
>NUYTTEN_EZH2_TARGETS_DN	GSM1623420_PC3_miR-205	920	347	17024	64	2.8315300000000003e-18	1.47043531e-15	
>KAMMINGA_EZH2_TARGETS	GSM2859382_T24_miR-223-5p	39	505	17024	18	8.22295e-18	3.965223960714289e-15	
>SENESE_HDAC1_TARGETS_UP	GSM911075_A498_miR-138	413	596	17024	50	1.59111e-14	7.161055740000001e-12	
>NUYTTEN_NIPP1_TARGETS_DN	GSM1357611_EBC-1_miR-1	791	1407	17024	128	6.17174e-14	2.60408854625e-11	
>KAMMINGA_EZH2_TARGETS	GSM1623422_C4-2_miR-205	39	592	17024	15	1.2815299999999999e-12	5.08918178235294e-10	
>SENESE_HDAC2_TARGETS_DN	GSM1154167_FaDu_miR-375	115	886	17024	28	4.4861800000000006e-12	1.68256673222222e-09	
>KONDO_EZH2_TARGETS	GSM1357597_PC3_miR-218	220	384	17024	26	5.202569999999999e-12	1.8485552668421105e-09	
>KAMMINGA_EZH2_TARGETS	GSM2279809_PC3_miR-99a-3p	39	334	17024	12	6.49841e-12	2.1935382955e-09	
>NUYTTEN_EZH2_TARGETS_UP	GSM1357606_DU145_miR-221	955	395	17024	57	4.48543e-11	1.4263144563636399e-08	
>KONDO_EZH2_TARGETS	GSM610397_PC3_miR-145	220	237	17024	20	3.39787e-11	7.168443865625e-09	
>NUYTTEN_NIPP1_TARGETS_DN	GSM1154180_PC3_miR-24	791	810	17024	81	4.64804e-11	1.4263144563636399e-08	
>NUYTTEN_NIPP1_TARGETS_DN	GSM1357597_PC3_miR-218	791	384	17024	49	1.2865799999999998e-10	3.77639199130435e-08	
>NUYTTEN_NIPP1_TARGETS_UP	GSM911075_A498_miR-138	691	596	17024	59	2.14426e-10	6.031624691666669e-08	
>SENESE_HDAC1_TARGETS_UP	GSM610387_T24_miR-517a	413	209	17024	24	2.85545e-10	7.71085718e-08	
>MEISSNER_BRAIN_HCP_WITH_H3K4ME3_AND_H3K27ME3	GSM639292_T24_miR-183	994	367	17024	54	3.0586599999999997e-10	7.94192833076923e-08	
>HELLER_HDAC_TARGETS_DN	GSM639300_FaDu_miR-375	262	285	17024	22	5.855800000000001e-10	1.46416688148148e-07	
>HELLER_HDAC_TARGETS_DN	GSM2279806_FaDu_miR-99a-3p	262	404	17024	26	7.9105e-10	1.90727805357143e-07	
>NUYTTEN_EZH2_TARGETS_UP	GSM1357607_DU145_miR-222	955	322	17024	47	1.59237e-09	3.7069275413793103e-07	
>NUYTTEN_EZH2_TARGETS_UP	GSM1357601_LNCap_miR-221	955	929	17024	97	1.6756199999999998e-09	3.7707035400000004e-07	
>BMI1_DN.V1_UP	GSM911075_A498_miR-138	138	596	17024	22	2.59334e-09	5.64762527096774e-07	
>MEISSNER_BRAIN_HCP_WITH_H3K4ME3_AND_H3K27ME3	GSM1357600_FaDu_miR-451	994	299	17024	45	4.5912700000000004e-09	9.686144928125e-07	
>SENESE_HDAC3_TARGETS_DN	GSM1357595_BOY-GFP_miR-24	468	885	17024	56	4.770789999999999e-09	9.75987978484849e-07	
>MEISSNER_BRAIN_HCP_WITH_H3K4ME3_AND_H3K27ME3	GSM1623440_786-O_miR-23b	994	652	17024	76	5.475689999999999e-09	1.08724656441176e-06	
>KAMMINGA_EZH2_TARGETS	GSM1357612_EBC-1_miR-133a	39	1079	17024	15	5.7754899999999995e-09	1.114009514e-06	
>SENESE_HDAC1_TARGETS_UP	GSM1623447_PC3M_miR-223	413	192	17024	21	9.087389999999999e-09	1.70038166837838e-06	
>NUYTTEN_EZH2_TARGETS_UP	GSM1357608_DU145_miR-224	955	351	17024	48	9.31923e-09	1.70038166837838e-06	
>SENESE_HDAC3_TARGETS_UP	GSM1357601_LNCap_miR-221	453	929	17024	55	2.10243e-08	3.73513287631579e-06	
>MEISSNER_BRAIN_HCP_WITH_H3K4ME3_AND_H3K27ME3	GSM1154167_FaDu_miR-375	994	886	17024	92	4.14404e-08	7.173439497435901e-06	
>MEL18_DN.V1_UP	GSM911075_A498_miR-138	134	596	17024	20	4.32151e-08	7.2936285025e-06	
>SENESE_HDAC1_TARGETS_UP	GSM1357611_EBC-1_miR-1	413	1407	17024	67	6.49247e-08	1.0690406090243901e-05	
>SENESE_HDAC3_TARGETS_UP	GSM911075_A498_miR-138	453	596	17024	40	8.061130000000001e-08	1.27495304e-05	
>SENESE_HDAC2_TARGETS_UP	GSM610387_T24_miR-517a	107	209	17024	11	8.12072e-08	1.27495304e-05	
>NUYTTEN_EZH2_TARGETS_UP	GSM639303_PC3_miR-1	955	245	17024	36	1.0998e-07	1.68744313636364e-05	
>MEL18_DN.V1_UP	GSM1623423_786-O_miR-29a	134	304	17024	14	1.24348e-07	1.8460903021739104e-05	
>SENESE_HDAC1_TARGETS_DN	GSM1623440_786-O_miR-23b	223	652	17024	27	1.2578900000000002e-07	1.8460903021739104e-05	
>NUYTTEN_EZH2_TARGETS_UP	GSM1154178_PC3_miR-23b	955	360	17024	46	1.49803e-07	2.15174479361702e-05	
>NUYTTEN_EZH2_TARGETS_UP	GSM1357602_LNCap_miR-222	955	453	17024	53	3.09179e-07	4.348473810416671e-05	
>NUYTTEN_NIPP1_TARGETS_DN	GSM610397_PC3_miR-145	791	237	17024	30	6.124040000000001e-07	4.5432301142857106e-05	
>SENESE_HDAC3_TARGETS_DN	GSM639292_T24_miR-183	468	367	17024	29	3.73061e-07	5.1398669612244896e-05	
>SENESE_HDAC2_TARGETS_UP	GSM1357611_EBC-1_miR-1	107	1407	17024	26	4.16093e-07	5.6180876859999996e-05	
>NUYTTEN_NIPP1_TARGETS_DN	GSM1357606_DU145_miR-221	791	395	17024	42	5.08204e-07	6.727225890196079e-05	
>HELLER_HDAC_TARGETS_DN	GSM1357602_LNCap_miR-222	262	453	17024	23	5.80395e-07	7.49706192641509e-05	
>MEISSNER_BRAIN_HCP_WITH_H3K4ME3_AND_H3K27ME3	GSM639290_KK47_miR-183	994	603	17024	66	5.88571e-07	7.49706192641509e-05	
>SENESE_HDAC3_TARGETS_DN	GSM2279809_PC3_miR-99a-3p	468	334	17024	27	6.07073e-07	7.589536709259259e-05	
>BENPORATH_SUZ12_TARGETS	GSM1623437_BOY_miR-145-3p	932	327	17024	41	6.23224e-07	7.64979131636364e-05	
>PASINI_SUZ12_TARGETS_DN	GSM639292_T24_miR-183	301	367	17024	22	6.662040000000001e-07	8.03132715e-05	
>MEL18_DN.V1_UP	GSM1357600_FaDu_miR-451	134	299	17024	13	6.90029e-07	8.172606629824559e-05	
>KAMMINGA_EZH2_TARGETS	GSM492574_T24_miR-133a	39	462	17024	9	7.58947e-07	8.83388137413793e-05	
>BENPORATH_SUZ12_TARGETS	GSM911076_FaDu_miR-218	932	346	17024	42	1.08462e-06	0.000122037827	
>MEISSNER_BRAIN_HCP_WITH_H3K4ME3_AND_H3K27ME3	GSM2859382_T24_miR-223-5p	994	505	17024	57	1.32785e-06	0.00014695598934426202	
>NUYTTEN_EZH2_TARGETS_UP	GSM639300_FaDu_miR-375	955	285	17024	37	1.67338e-06	0.00018220949	
>SENESE_HDAC1_TARGETS_DN	GSM1154167_FaDu_miR-375	223	886	17024	30	1.7394999999999998e-06	0.0001852284528125	
>SENESE_HDAC2_TARGETS_DN	GSM1623440_786-O_miR-23b	115	652	17024	17	1.7559799999999999e-06	0.0001852284528125	
>SENESE_HDAC2_TARGETS_DN	GSM1357607_DU145_miR-222	115	322	17024	12	1.8472e-06	0.000190785305757576	
>BENPORATH_SUZ12_TARGETS	GSM1154167_FaDu_miR-375	932	886	17024	82	1.86518e-06	0.000190785305757576	
>NUYTTEN_EZH2_TARGETS_UP	GSM610387_T24_miR-517a	955	209	17024	30	2.04169e-06	0.00020493454735294098	
>GSE27434_WT_VS_DNMT1_KO_TREG_DN	GSM2850326_T24_miR-185-5p	188	234	17024	13	2.0642199999999998e-06	0.00020493454735294098	
>JACKSON_DNMT1_TARGETS_UP	GSM911075_A498_miR-138	76	596	17024	13	2.0978599999999996e-06	0.000205255838550725	
>BENPORATH_PRC2_TARGETS	GSM610396_SAS_miR-874	585	174	17024	20	2.34675e-06	0.00022246982861111097	
>LU_EZH2_TARGETS_DN	GSM1357611_EBC-1_miR-1	340	1407	17024	54	2.3608099999999998e-06	0.00022246982861111097	
>HELLER_HDAC_TARGETS_DN	GSM1154167_FaDu_miR-375	262	886	17024	33	2.37266e-06	0.00022246982861111097	
>MEISSNER_BRAIN_HCP_WITH_H3K4ME3_AND_H3K27ME3	GSM1623422_C4-2_miR-205	994	592	17024	63	2.74336e-06	0.00025370442958904104	
>PASINI_SUZ12_TARGETS_DN	GSM500945_SAS_miR-133a	301	311	17024	19	2.96731e-06	0.00027070688932432404	
>BENPORATH_PRC2_TARGETS	GSM911076_FaDu_miR-218	585	346	17024	30	3.4277999999999996e-06	0.000308547704	
>NUYTTEN_NIPP1_TARGETS_DN	GSM1357612_EBC-1_miR-133a	791	1079	17024	83	3.59022e-06	0.00031891546342105296	
>KONDO_EZH2_TARGETS	GSM1154167_FaDu_miR-375	220	886	17024	29	3.89074e-06	0.000341121892727273	
>SENESE_HDAC2_TARGETS_DN	GSM2692408_A498_miR-149-3p	115	294	17024	11	4.8951e-06	0.000418314178481013	
>BENPORATH_EED_TARGETS	GSM1154167_FaDu_miR-375	958	886	17024	82	5.39031e-06	0.000454874785125	
>NUYTTEN_EZH2_TARGETS_UP	GSM1154180_PC3_miR-24	955	810	17024	76	6.624019999999999e-06	0.000552083444691358	
>MEISSNER_BRAIN_HCP_WITH_H3K4ME3_AND_H3K27ME3	GSM639289_KK47_miR-96	994	458	17024	51	7.017910000000001e-06	0.000577779395243902	
>HELLER_HDAC_TARGETS_DN	GSM911061_TE2_miR-375	262	189	17024	13	7.5385100000000015e-06	0.000613162421807229	
>NUYTTEN_EZH2_TARGETS_UP	GSM1623423_786-O_miR-29a	955	304	17024	37	7.65913e-06	0.0006155569836904759	
>SENESE_HDAC3_TARGETS_UP	GSM1357611_EBC-1_miR-1	453	1407	17024	65	8.02645e-06	0.0006374889876470589	
>SENESE_HDAC3_TARGETS_DN	GSM500947_HSC3_miR-133a	468	848	17024	46	8.64779e-06	0.0006788515150000001	
>KONDO_EZH2_TARGETS	GSM911075_A498_miR-138	220	596	17024	22	1.00388e-05	0.000778987802298851	
>SENESE_HDAC3_TARGETS_DN	GSM1623440_786-O_miR-23b	468	652	17024	38	1.12266e-05	0.0008612588250000001	
>KAMMINGA_EZH2_TARGETS	GSM1623420_PC3_miR-205	39	347	17024	7	1.20713e-05	0.000915015537777778	
>NUYTTEN_EZH2_TARGETS_UP	GSM1357597_PC3_miR-218	955	384	17024	43	1.21984e-05	0.000915015537777778	
>SENESE_HDAC3_TARGETS_UP	GSM610387_T24_miR-517a	453	209	17024	18	1.27416e-05	0.000945258698901099	
>BMI1_DN.V1_DN	GSM1623440_786-O_miR-23b	133	652	17024	17	1.3075499999999999e-05	0.000958852515053763	
>SENESE_HDAC2_TARGETS_DN	GSM639290_KK47_miR-183	115	603	17024	15	1.3208900000000002e-05	0.000958852515053763	


------Intersections with the genes up regulated after miR transfection------


>NUYTTEN_EZH2_TARGETS_UP	GSM1154161_PC3_miR-145	955	636	17024	191	8.724739999999998e-90	5.890071973999999e-86	
>NUYTTEN_EZH2_TARGETS_UP	GSM610397_PC3_miR-145	955	457	17024	149	8.334619999999999e-75	2.8133509809999993e-71	
>NUYTTEN_EZH2_TARGETS_UP	GSM2859385_A549_miR-145-5p	955	548	17024	144	1.42273e-58	4.8024251149999995e-55	
>NUYTTEN_EZH2_TARGETS_UP	GSM1154165_LNCap_miR-145	955	739	17024	163	5.762699999999998e-55	1.29679959e-51	
>NUYTTEN_EZH2_TARGETS_UP	GSM1154163_DU145_miR-145	955	320	17024	94	1.55902e-42	2.6312360049999996e-39	
>NUYTTEN_NIPP1_TARGETS_UP	GSM610397_PC3_miR-145	691	457	17024	91	6.198819999999999e-38	5.2310292275e-35	
>NUYTTEN_NIPP1_TARGETS_UP	GSM1154161_PC3_miR-145	691	636	17024	105	4.07095e-36	5.496596689999999e-33	
>NUYTTEN_NIPP1_TARGETS_UP	GSM2859385_A549_miR-145-5p	691	548	17024	94	1.1508299999999998e-33	1.2948755549999998e-30	
>NUYTTEN_NIPP1_TARGETS_UP	GSM1154163_DU145_miR-145	691	320	17024	67	2.2390300000000002e-29	2.15938450428571e-26	
>NUYTTEN_EZH2_TARGETS_DN	GSM1357602_LNCap_miR-222	920	532	17024	99	3.88058e-28	3.2747244475e-25	
>NUYTTEN_EZH2_TARGETS_DN	GSM1357601_LNCap_miR-221	920	826	17024	123	1.7141099999999998e-25	1.28577295666667e-22	
>NUYTTEN_EZH2_TARGETS_UP	GSM1623444_PC3_miR-221	955	405	17024	82	7.24738e-25	4.892706238e-22	
>NUYTTEN_EZH2_TARGETS_UP	GSM1623420_PC3_miR-205	955	434	17024	84	4.582009999999999e-24	2.8121045009090897e-21	
>NUYTTEN_EZH2_TARGETS_UP	GSM492573_KK47_miR-145	955	259	17024	61	2.81512e-22	1.58373959333333e-19	
>NUYTTEN_NIPP1_TARGETS_UP	GSM1623444_PC3_miR-221	691	405	17024	65	8.81956e-22	4.58006535076923e-19	
>NUYTTEN_EZH2_TARGETS_UP	GSM500948_TE13_miR-145	955	218	17024	55	1.02853e-21	4.959718592857139e-19	
>NUYTTEN_NIPP1_TARGETS_UP	GSM1154165_LNCap_miR-145	691	739	17024	87	1.53571e-19	6.911718806666668e-17	
>NUYTTEN_EZH2_TARGETS_UP	GSM1357611_EBC-1_miR-1	955	878	17024	115	5.44847e-18	2.298913810625e-15	
>MEISSNER_BRAIN_HCP_WITH_H3K4ME3_AND_H3K27ME3	GSM1357596_T24_miR-24	994	629	17024	92	1.8100900000000001e-16	7.188186817647059e-14	
>NUYTTEN_NIPP1_TARGETS_UP	GSM500948_TE13_miR-145	691	218	17024	39	4.14589e-15	1.55493907722222e-12	
>NUYTTEN_EZH2_TARGETS_UP	GSM1623446_PC3_miR-223	955	413	17024	66	9.24527e-15	3.2849904089473703e-12	
>NUYTTEN_EZH2_TARGETS_UP	GSM2183550_SAS_miR-145-3p	955	242	17024	48	1.1775499999999999e-14	3.974820025e-12	
>MEL18_DN.V1_UP	GSM2183550_SAS_miR-145-3p	134	242	17024	19	5.16418e-14	1.66016091333333e-11	
>SENESE_HDAC3_TARGETS_UP	GSM2183550_SAS_miR-145-3p	453	242	17024	31	4.02272e-13	1.2027875121739098e-10	
>MEISSNER_BRAIN_HCP_WITH_H3K4ME3_AND_H3K27ME3	GSM1357595_BOY-GFP_miR-24	994	853	17024	104	4.0977799999999995e-13	1.2027875121739098e-10	
>NUYTTEN_EZH2_TARGETS_UP	GSM1357612_EBC-1_miR-133a	955	699	17024	88	5.884979999999999e-13	1.6553958325000001e-10	
>NUYTTEN_NIPP1_TARGETS_UP	GSM1623420_PC3_miR-205	691	434	17024	53	6.900720000000001e-13	1.8634704288000002e-10	
>NUYTTEN_EZH2_TARGETS_UP	GSM1357597_PC3_miR-218	955	276	17024	48	1.9857e-12	5.15594642307692e-10	
>NUYTTEN_NIPP1_TARGETS_UP	GSM2183550_SAS_miR-145-3p	691	242	17024	37	3.1159e-12	7.790904037037041e-10	
>NUYTTEN_EZH2_TARGETS_UP	GSM2859386_A549_miR-145-3p	955	394	17024	59	4.27739e-12	1.0243012948275899e-09	
>NUYTTEN_NIPP1_TARGETS_UP	GSM1623446_PC3_miR-223	691	413	17024	50	4.40005e-12	1.0243012948275899e-09	
>NUYTTEN_EZH2_TARGETS_UP	GSM492574_T24_miR-133a	955	334	17024	52	1.88272e-11	4.23674757333333e-09	
>SENESE_HDAC2_TARGETS_DN	GSM1357611_EBC-1_miR-1	115	878	17024	27	2.18891e-11	4.7668811e-09	
>MEISSNER_BRAIN_HCP_WITH_H3K4ME3_AND_H3K27ME3	GSM639291_T24_miR-96	994	348	17024	54	3.99715e-11	8.17719989393939e-09	
>NUYTTEN_EZH2_TARGETS_UP	GSM911074_A498_miR-141	955	271	17024	45	4.93448e-11	9.79784543529412e-09	
>MEL18_DN.V1_DN	GSM2859385_A549_miR-145-5p	138	548	17024	23	8.74692e-11	1.687155912e-08	
>KAMMINGA_EZH2_TARGETS	GSM1357602_LNCap_miR-222	39	532	17024	13	9.04564e-11	1.69630876777778e-08	
>NUYTTEN_NIPP1_TARGETS_UP	GSM492573_KK47_miR-145	691	259	17024	36	1.0073800000000001e-10	1.8380601027026998e-08	
>BMI1_DN.V1_UP	GSM2183550_SAS_miR-145-3p	138	242	17024	16	1.2152400000000002e-10	2.1589697999999996e-08	
>MEISSNER_BRAIN_HCP_WITH_H3K4ME3_AND_H3K27ME3	GSM2692408_A498_miR-149-3p	994	310	17024	49	1.68158e-10	2.9108580974359e-08	
>NUYTTEN_NIPP1_TARGETS_UP	GSM2279808_PC3_miR-150-3p	691	179	17024	29	1.73098e-10	2.921461495e-08	
>JACKSON_DNMT1_TARGETS_UP	GSM1154161_PC3_miR-145	76	636	17024	18	2.6199599999999994e-10	4.31398779512195e-08	
>MEISSNER_BRAIN_HCP_WITH_H3K4ME3_AND_H3K27ME3	GSM1154180_PC3_miR-24	994	863	17024	97	2.74931e-10	4.419188526190481e-08	
>NUYTTEN_EZH2_TARGETS_UP	GSM2850323_PC3_miR-30a-5p	955	161	17024	32	3.0409600000000003e-10	4.7743072e-08	
>NUYTTEN_EZH2_TARGETS_UP	GSM1623440_786-O_miR-23b	955	562	17024	69	6.3636e-10	9.76378718181818e-08	
>SENESE_HDAC1_TARGETS_UP	GSM492574_T24_miR-133a	413	334	17024	30	7.41311e-10	1.1015900221739099e-07	
>MEL18_DN.V1_UP	GSM1154167_FaDu_miR-375	134	521	17024	21	7.506019999999999e-10	1.1015900221739099e-07	
>DOUGLAS_BMI1_TARGETS_DN	GSM1154161_PC3_miR-145	291	636	17024	35	1.06798e-09	1.53402829361702e-07	
>SENESE_HDAC1_TARGETS_UP	GSM2183550_SAS_miR-145-3p	413	242	17024	25	1.14694e-09	1.61312332083333e-07	
>NUYTTEN_EZH2_TARGETS_UP	GSM2279808_PC3_miR-150-3p	955	179	17024	33	1.2414800000000001e-09	1.71045540408163e-07	
>NUYTTEN_NIPP1_TARGETS_UP	GSM911074_A498_miR-141	691	271	17024	35	1.38275e-09	1.8669890500000002e-07	
>KAMMINGA_EZH2_TARGETS	GSM1357601_LNCap_miR-221	39	826	17024	14	1.74477e-09	2.3095965235294103e-07	
>MEL18_DN.V1_UP	GSM2859386_A549_miR-145-3p	134	394	17024	18	1.94624e-09	2.52674350769231e-07	
>BENPORATH_SUZ12_TARGETS	GSM1357596_T24_miR-24	932	629	17024	72	2.03117e-09	2.5872506924528305e-07	
>GSE27434_WT_VS_DNMT1_KO_TREG_DN	GSM1154165_LNCap_miR-145	188	739	17024	28	1.1109500000000001e-08	1.38889323148148e-06	
>GSE27434_WT_VS_DNMT1_KO_TREG_DN	GSM2183550_SAS_miR-145-3p	188	242	17024	16	1.16697e-08	1.43240263090909e-06	
>BENPORATH_EED_TARGETS	GSM1357596_T24_miR-24	958	629	17024	71	1.4885299999999999e-08	1.79447607678571e-06	
>SENESE_HDAC1_TARGETS_UP	GSM1154167_FaDu_miR-375	413	521	17024	36	1.7693599999999998e-08	2.08706001034483e-06	
>BMI1_DN.V1_UP	GSM2859385_A549_miR-145-5p	138	548	17024	20	1.79306e-08	2.08706001034483e-06	
>BENPORATH_SUZ12_TARGETS	GSM2859385_A549_miR-145-5p	932	548	17024	63	1.82462e-08	2.08779824067797e-06	
>MEISSNER_BRAIN_HCP_WITH_H3K4ME3_AND_H3K27ME3	GSM639290_KK47_miR-183	994	379	17024	51	2.0728599999999998e-08	2.3323129766666697e-06	
>MEISSNER_BRAIN_HCP_WITH_H3K4ME3_AND_H3K27ME3	GSM639289_KK47_miR-96	994	370	17024	50	2.48569e-08	2.7509660967213102e-06	
>SENESE_HDAC3_TARGETS_UP	GSM1623426_T24_miR-144-3p	453	204	17024	22	2.76749e-08	3.01343951451613e-06	
>NUYTTEN_EZH2_TARGETS_UP	GSM911058_PC3_miR-31	955	203	17024	33	3.19964e-08	3.42869359365079e-06	
>NUYTTEN_EZH2_TARGETS_UP	GSM500947_HSC3_miR-133a	955	838	17024	86	3.3406800000000005e-08	3.52389541875e-06	
>MEL18_DN.V1_DN	GSM1357611_EBC-1_miR-1	138	878	17024	25	3.52246e-08	3.65848114769231e-06	
>MEISSNER_BRAIN_HCP_WITH_H3K4ME3_AND_H3K27ME3	GSM639292_T24_miR-183	994	246	17024	38	3.5889000000000005e-08	3.67100968181818e-06	
>MEL18_DN.V1_UP	GSM1623435_786-O_miR-210	134	430	17024	17	4.7601599999999997e-08	4.79639405373134e-06	
>MEISSNER_BRAIN_HCP_WITH_H3K4ME3_AND_H3K27ME3	GSM911061_TE2_miR-375	994	229	17024	36	5.18722e-08	5.14984150294118e-06	
>KONDO_EZH2_TARGETS	GSM1623426_T24_miR-144-3p	220	204	17024	15	6.71035e-08	6.56544534057971e-06	
>BMI1_DN.V1_UP	GSM1623435_786-O_miR-210	138	430	17024	17	7.38808e-08	7.12527544e-06	
>NUYTTEN_EZH2_TARGETS_UP	GSM2850329_PC3_miR-199-3p	955	126	17024	24	1.1696300000000001e-07	1.1121369197183099e-05	
>MEISSNER_BRAIN_HCP_WITH_H3K4ME3_AND_H3K27ME3	GSM1623446_PC3_miR-223	994	413	17024	52	1.35609e-07	1.27152272083333e-05	
>KONDO_EZH2_TARGETS	GSM639291_T24_miR-96	220	348	17024	19	1.38231e-07	1.2783527136986301e-05	
>KONDO_EZH2_TARGETS	GSM500948_TE13_miR-145	220	218	17024	15	1.60342e-07	1.4627957324324301e-05	
>BENPORATH_SUZ12_TARGETS	GSM911077_SAS_miR-218	932	397	17024	48	2.09892e-07	1.889307856e-05	
>MEISSNER_BRAIN_HCP_WITH_H3K4ME3_AND_H3K27ME3	GSM2279806_FaDu_miR-99a-3p	994	466	17024	56	2.1723299999999997e-07	1.9175119558441603e-05	
>NUYTTEN_EZH2_TARGETS_UP	GSM500945_SAS_miR-133a	955	436	17024	52	2.18706e-07	1.9175119558441603e-05	
>SENESE_HDAC1_TARGETS_UP	GSM1623435_786-O_miR-210	413	430	17024	30	2.32832e-07	2.0109519886075897e-05	
>MEL18_DN.V1_DN	GSM1357603_PC3_miR-221	138	264	17024	13	2.35321e-07	2.0109519886075897e-05	
>BENPORATH_EED_TARGETS	GSM2859385_A549_miR-145-5p	958	548	17024	61	2.59331e-07	2.18842947625e-05	
>MEL18_DN.V1_DN	GSM1154163_DU145_miR-145	138	320	17024	14	3.35511e-07	2.79633921111111e-05	
>NUYTTEN_EZH2_TARGETS_UP	GSM911072_A498_miR-200a	955	268	17024	37	3.6615499999999996e-07	3.01452732317073e-05	
>BENPORATH_SUZ12_TARGETS	GSM1357595_BOY-GFP_miR-24	932	853	17024	82	4.0391800000000003e-07	3.28536194939759e-05	
>SENESE_HDAC2_TARGETS_DN	GSM2859386_A549_miR-145-3p	115	394	17024	14	4.28914e-07	3.4471409690476195e-05	
>NUYTTEN_EZH2_TARGETS_UP	GSM2859388_TE8_miR-145-3p	955	205	17024	31	4.3782600000000005e-07	3.47736861882353e-05	
>MEISSNER_BRAIN_HCP_WITH_H3K4ME3_AND_H3K27ME3	GSM2859386_A549_miR-145-3p	994	394	17024	49	4.5215400000000004e-07	3.5494089e-05	
>NUYTTEN_EZH2_TARGETS_UP	GSM1154167_FaDu_miR-375	955	521	17024	58	4.61594e-07	3.58186332643678e-05	
>PASINI_SUZ12_TARGETS_DN	GSM1357597_PC3_miR-218	301	276	17024	19	4.98074e-07	3.8210199704545505e-05	
>SENESE_HDAC1_TARGETS_UP	GSM911058_PC3_miR-31	413	203	17024	19	5.46304e-07	4.14393067865168e-05	
>PASINI_SUZ12_TARGETS_DN	GSM2859386_A549_miR-145-3p	301	394	17024	23	5.86337e-07	4.3981789855555606e-05	
>BMI1_DN.V1_UP	GSM2859386_A549_miR-145-3p	138	394	17024	15	7.344089999999999e-07	5.38912517282609e-05	
>KONDO_EZH2_TARGETS	GSM639292_T24_miR-183	220	246	17024	15	7.565049999999999e-07	5.49157554301075e-05	
>BENPORATH_SUZ12_TARGETS	GSM639290_KK47_miR-183	932	379	17024	45	8.36862e-07	6.01027166170213e-05	
>MEL18_DN.V1_DN	GSM1357612_EBC-1_miR-133a	138	699	17024	20	9.03443e-07	6.42015125578947e-05	
>BMI1_DN.V1_UP	GSM639291_T24_miR-96	138	348	17024	14	9.170409999999999e-07	6.44889978229167e-05	
>NUYTTEN_NIPP1_TARGETS_UP	GSM1623440_786-O_miR-23b	691	562	17024	48	9.643869999999999e-07	6.71193467731959e-05	
>PASINI_SUZ12_TARGETS_DN	GSM500946_TE2_miR-145	301	116	17024	12	1.00147e-06	6.85398584313726e-05	
>SENESE_HDAC1_TARGETS_UP	GSM1623440_786-O_miR-23b	413	562	17024	34	1.0075299999999999e-06	6.85398584313726e-05	
>BENPORATH_SUZ12_TARGETS	GSM2859386_A549_miR-145-3p	932	394	17024	46	1.0179099999999999e-06	6.85398584313726e-05	
>BENPORATH_EED_TARGETS	GSM639291_T24_miR-96	958	348	17024	43	1.0351399999999999e-06	6.85398584313726e-05	
>MEL18_DN.V1_UP	GSM2692408_A498_miR-149-3p	134	310	17024	13	1.03556e-06	6.85398584313726e-05	
>MEISSNER_BRAIN_HCP_WITH_H3K4ME3_AND_H3K27ME3	GSM1154182_PC3_miR-27b	994	359	17024	45	1.06868e-06	6.89257811428571e-05	
>BENPORATH_SUZ12_TARGETS	GSM2692408_A498_miR-149-3p	932	310	17024	39	1.07159e-06	6.89257811428571e-05	
>BENPORATH_PRC2_TARGETS	GSM2859385_A549_miR-145-5p	585	548	17024	42	1.0720200000000002e-06	6.89257811428571e-05	
>BENPORATH_PRC2_TARGETS	GSM1357595_BOY-GFP_miR-24	585	853	17024	57	1.1618e-06	7.39935075471698e-05	
>BENPORATH_PRC2_TARGETS	GSM1357596_T24_miR-24	585	629	17024	46	1.20499e-06	7.60269858878505e-05	
>SENESE_HDAC1_TARGETS_UP	GSM2859386_A549_miR-145-3p	413	394	17024	27	1.3371700000000001e-06	8.35855062037037e-05	
>DOUGLAS_BMI1_TARGETS_DN	GSM1154165_LNCap_miR-145	291	739	17024	32	1.37539e-06	8.518585220183481e-05	
>BMI1_DN.V1_UP	GSM2692408_A498_miR-149-3p	138	310	17024	13	1.44812e-06	8.88750738181818e-05	
>NUYTTEN_EZH2_TARGETS_DN	GSM1154167_FaDu_miR-375	920	521	17024	55	1.52361e-06	9.266568567567571e-05	
>MEL18_DN.V1_DN	GSM610397_PC3_miR-145	138	457	17024	16	9.300620000000001e-07	0.000106421162067797	
>NUYTTEN_EZH2_TARGETS_UP	GSM1623435_786-O_miR-210	955	430	17024	49	1.85838e-06	0.000112017173035714	
>MEISSNER_BRAIN_HCP_WITH_H3K4ME3_AND_H3K27ME3	GSM2859385_A549_miR-145-5p	994	548	17024	60	1.90838e-06	0.00011401303876106201	
>MEL18_DN.V1_DN	GSM911059_PC3_miR-222	138	140	17024	9	2.07462e-06	0.000122857540526316	
>MEL18_DN.V1_DN	GSM1154165_LNCap_miR-145	138	739	17024	20	2.1259e-06	0.000124799573043478	
>NUYTTEN_EZH2_TARGETS_DN	GSM1357606_DU145_miR-221	920	360	17024	42	2.19743e-06	0.000127886637327586	
>BENPORATH_EED_TARGETS	GSM1357595_BOY-GFP_miR-24	958	853	17024	81	2.3163800000000003e-06	0.00013365710581196598	
>GSE27434_WT_VS_DNMT1_KO_TREG_DN	GSM1357597_PC3_miR-218	188	276	17024	14	2.42333e-06	0.000138643227372881	
>SENESE_HDAC3_TARGETS_UP	GSM2859386_A549_miR-145-3p	453	394	17024	28	2.54031e-06	0.000144114561428571	
>GSE27434_WT_VS_DNMT1_KO_TREG_DN	GSM911058_PC3_miR-31	188	203	17024	12	2.71333e-06	0.00015264742358333302	
>NUYTTEN_NIPP1_TARGETS_DN	GSM1357601_LNCap_miR-221	791	826	17024	68	3.05692e-06	0.000170555924958678	
>MEISSNER_BRAIN_HCP_WITH_H3K4ME3_AND_H3K27ME3	GSM911077_SAS_miR-218	994	397	17024	47	3.10308e-06	0.000171712238360656	
>SENESE_HDAC3_TARGETS_UP	GSM1154165_LNCap_miR-145	453	739	17024	42	3.14557e-06	0.000172648317642276	
>KONDO_EZH2_TARGETS	GSM639300_FaDu_miR-375	220	317	17024	16	3.8462699999999995e-06	0.000209159482	
>NUYTTEN_NIPP1_TARGETS_UP	GSM911059_PC3_miR-222	691	140	17024	19	3.8727499999999995e-06	0.000209159482	
>MEISSNER_NPC_HCP_WITH_H3K4ME2_AND_H3K27ME3	GSM1357596_T24_miR-24	308	629	17024	29	4.02548e-06	0.000215682662539683	
>BENPORATH_EED_TARGETS	GSM639290_KK47_miR-183	958	379	17024	44	4.14087e-06	0.00022011821551181097	
>JACKSON_DNMT1_TARGETS_UP	GSM1154165_LNCap_miR-145	76	739	17024	14	4.20582e-06	0.00022166359	
>KONDO_EZH2_TARGETS	GSM1154167_FaDu_miR-375	220	521	17024	21	4.23561e-06	0.00022166359	
>MEISSNER_BRAIN_HCP_WITH_H3K4ME3_AND_H3K27ME3	GSM2183550_SAS_miR-145-3p	994	242	17024	33	4.81969e-06	0.000250290209153846	
>NUYTTEN_NIPP1_TARGETS_UP	GSM2859386_A549_miR-145-3p	691	394	17024	36	5.0311e-06	0.000259274474045802	
>MEL18_DN.V1_DN	GSM1623444_PC3_miR-221	138	405	17024	14	5.38109e-06	0.000275210140833333	
>NUYTTEN_EZH2_TARGETS_UP	GSM2183549_SAS_miR-145-5p	955	166	17024	25	6.03379e-06	0.00030627155105263196	
>MEL18_DN.V1_UP	GSM2859385_A549_miR-145-5p	134	548	17024	16	6.50637e-06	0.00032745300437037	
>BMI1_DN.V1_UP	GSM2850323_PC3_miR-30a-5p	138	161	17024	9	6.548089999999999e-06	0.00032745300437037	
>MEL18_DN.V1_DN	GSM1623446_PC3_miR-223	138	413	17024	14	6.72732e-06	0.000333942186176471	
>NUYTTEN_EZH2_TARGETS_UP	GSM639304_PC3_miR-133a	955	178	17024	26	6.995700000000001e-06	0.00034472971313868596	
>MEISSNER_BRAIN_HCP_WITH_H3K4ME3_AND_H3K27ME3	GSM639299_SAS_miR-375	994	203	17024	29	7.19268e-06	0.00035186799043478303	
>DOUGLAS_BMI1_TARGETS_DN	GSM610397_PC3_miR-145	291	457	17024	23	4.0825400000000006e-06	0.000353349071025641	
>NUYTTEN_EZH2_TARGETS_UP	GSM492572_KK47_miR-133a	955	127	17024	21	7.57863e-06	0.000368081518920863	
>BENPORATH_SUZ12_TARGETS	GSM1357608_DU145_miR-224	932	240	17024	31	7.825130000000001e-06	0.000377338947357143	
>BMI1_DN.V1_UP	GSM1154165_LNCap_miR-145	138	739	17024	19	8.178099999999999e-06	0.000391562787943262	
>NUYTTEN_NIPP1_TARGETS_UP	GSM2850323_PC3_miR-30a-5p	691	161	17024	20	8.531860000000001e-06	0.00040281847916083904	
>SENESE_HDAC3_TARGETS_UP	GSM911058_PC3_miR-31	453	203	17024	18	8.53252e-06	0.00040281847916083904	
>NUYTTEN_NIPP1_TARGETS_DN	GSM1357602_LNCap_miR-222	791	532	17024	48	8.65164e-06	0.000405605705833333	
>BENPORATH_SUZ12_TARGETS	GSM2183550_SAS_miR-145-3p	932	242	17024	31	9.27344e-06	0.00043175857544827597	
>MEISSNER_NPC_HCP_WITH_H3K4ME3_AND_H3K27ME3	GSM1357595_BOY-GFP_miR-24	133	853	17024	20	1.0193300000000001e-05	0.00047133539931506796	
>SENESE_HDAC2_TARGETS_DN	GSM2859388_TE8_miR-145-3p	115	205	17024	9	1.0438599999999999e-05	0.00047855201192053	
>NUYTTEN_EZH2_TARGETS_UP	GSM1623426_T24_miR-144-3p	955	204	17024	28	1.05579e-05	0.00047855201192053	
>MEL18_DN.V1_DN	GSM639300_FaDu_miR-375	138	317	17024	12	1.0584100000000001e-05	0.00047855201192053	
>HELLER_HDAC_TARGETS_DN	GSM1154165_LNCap_miR-145	262	739	17024	28	1.07004e-05	0.00047855201192053	
>MEISSNER_BRAIN_HCP_WITH_H3K4ME3_AND_H3K27ME3	GSM911086_SAS_miR-504	994	240	17024	32	1.07038e-05	0.00047855201192053	
>PRC1_BMI_UP.V1_UP	GSM500947_HSC3_miR-133a	171	838	17024	23	1.1368199999999999e-05	0.000503112759477124	
>MEL18_DN.V1_UP	GSM911071_A498_miR-218	134	97	17024	7	1.14022e-05	0.000503112759477124	
>BENPORATH_SUZ12_TARGETS	GSM639300_FaDu_miR-375	932	317	17024	37	1.1553900000000001e-05	0.000503498290967742	
>HELLER_HDAC_TARGETS_DN	GSM1357601_LNCap_miR-221	262	826	17024	30	1.15601e-05	0.000503498290967742	
>MEISSNER_BRAIN_HCP_WITH_H3K4ME3_AND_H3K27ME3	GSM2183549_SAS_miR-145-5p	994	166	17024	25	1.20145e-05	0.0005199351891025639	
>JACKSON_DNMT1_TARGETS_UP	GSM1154163_DU145_miR-145	76	320	17024	9	1.23456e-05	0.0005308608	
>LU_EZH2_TARGETS_UP	GSM1154163_DU145_miR-145	240	320	17024	16	1.30552e-05	0.000557820602531646	
>MEISSNER_NPC_HCP_WITH_H3K4ME2_AND_H3K27ME3	GSM1357595_BOY-GFP_miR-24	308	853	17024	34	1.3508099999999999e-05	0.000570522790625	
>NUYTTEN_NIPP1_TARGETS_UP	GSM2183549_SAS_miR-145-5p	691	166	17024	20	1.3521500000000001e-05	0.000570522790625	
>SENESE_HDAC1_TARGETS_UP	GSM639291_T24_miR-96	413	348	17024	23	1.47046e-05	0.000616588537888199	
>MEISSNER_BRAIN_HCP_WITH_H3K27ME3	GSM1357606_DU145_miR-221	241	360	17024	17	1.55096e-05	0.0006433330245398769	
>BMI1_DN.V1_UP	GSM1154161_PC3_miR-145	138	636	17024	17	1.5533e-05	0.0006433330245398769	
>KONDO_EZH2_TARGETS	GSM2183550_SAS_miR-145-3p	220	242	17024	13	1.64773e-05	0.000678282026219512	
>NUYTTEN_EZH2_TARGETS_UP	GSM2279806_FaDu_miR-99a-3p	955	466	17024	49	1.70861e-05	0.00069908037030303	
>BENPORATH_SUZ12_TARGETS	GSM639299_SAS_miR-375	932	203	17024	27	1.74383e-05	0.000706368853293413	
>BENPORATH_SUZ12_TARGETS	GSM639291_T24_miR-96	932	348	17024	39	1.7473499999999998e-05	0.000706368853293413	
>SENESE_HDAC1_TARGETS_DN	GSM2859386_A549_miR-145-3p	223	394	17024	17	1.80622e-05	0.000725820905952381	
>LU_EZH2_TARGETS_UP	GSM1623444_PC3_miR-221	240	405	17024	18	1.85712e-05	0.00073950454	
>SENESE_HDAC2_TARGETS_DN	GSM1357612_EBC-1_miR-133a	115	699	17024	16	1.8621800000000002e-05	0.00073950454	
>BENPORATH_SUZ12_TARGETS	GSM2279806_FaDu_miR-99a-3p	932	466	17024	48	1.9010999999999998e-05	0.000750545385964912	
>MEISSNER_BRAIN_HCP_WITH_H3K4ME3_AND_H3K27ME3	GSM639300_FaDu_miR-375	994	317	17024	38	2.02849e-05	0.000796182325	
>NUYTTEN_EZH2_TARGETS_UP	GSM639292_T24_miR-183	955	246	17024	31	2.07758e-05	0.000810736565317919	
>BMI1_DN.V1_UP	GSM1154167_FaDu_miR-375	138	521	17024	15	2.16734e-05	0.0008383006028571429	
>SENESE_HDAC3_TARGETS_UP	GSM639291_T24_miR-96	453	348	17024	24	2.17305e-05	0.0008383006028571429	
>DOUGLAS_BMI1_TARGETS_UP	GSM1357596_T24_miR-24	520	629	17024	39	2.333e-05	0.0008948910795454551	
>GSE27434_WT_VS_DNMT1_KO_TREG_DN	GSM1154161_PC3_miR-145	188	636	17024	20	2.5780700000000002e-05	0.00098330794180791	
>BENPORATH_SUZ12_TARGETS	GSM1154180_PC3_miR-24	932	863	17024	76	2.59289e-05	0.000983404516292135	
>KONDO_EZH2_TARGETS	GSM1357611_EBC-1_miR-1	220	878	17024	27	2.62044e-05	0.000988301141899441	
>MEISSNER_BRAIN_HCP_WITH_H3K4ME3_AND_H3K27ME3	GSM1357611_EBC-1_miR-1	994	878	17024	81	2.64363e-05	0.000991087828176795	
>NUYTTEN_EZH2_TARGETS_DN	GSM1154182_PC3_miR-27b	920	359	17024	39	2.6571900000000002e-05	0.000991087828176795	
>SENESE_HDAC3_TARGETS_UP	GSM1154167_FaDu_miR-375	453	521	17024	31	2.6882800000000003e-05	0.000997174630769231	
